1	-1.16168 -0.888823
2	-0.876515 0.0397483
3	-0.787007 0.211951
4	-1.0473 -0.0676458
5	-2.38357 -1.22697
6	-2.44029 -1.43795
7	-1.95458 -0.894249
8	-1.20772 -0.487995
9	-0.704534 1.14029
10	-2.06223 -1.06551
11	-1.5527 -0.969498
12	-1.5992 -1.06174
13	-0.774562 0.428914
14	-1.48768 -0.447002
15	-0.756087 0.443408
16	-1.32475 -0.366819
17	-0.637106 0.389858
18	-0.712199 1.20489
19	-0.931718 1.1604
20	-0.854129 1.25542
21	-0.918941 0.156647
22	-0.72741 1.74149
23	-2.51072 -2.0586
24	-0.640619 1.65323
25	-0.963872 2.10449
26	-0.981959 1.89904
27	-0.750549 1.7477
28	-0.818681 1.75664
29	-0.427518 2.22721
30	-0.906502 1.95203
31	-0.53458 1.63047
32	-1.04633 2.47654
33	-0.568776 0.389402
34	-0.97477 2.2532
